9321000258
9321000259
9321000260
9321000261
9321000262
9321000264
9321000265
9321000266
9321000267
9321000268
9321000269
9321000270
9321000271
9321000272
9321000273
9321000274
9321000275
9321000276
9321000277
9321000278
9321000279
9321000280
9321000281
9321000282
9321000283
9321000284
9321000285
9321000286
9321000287
9321000288
9321000289
9321000290
9321000291
9321000292
9321000294
9321000295
9321000296
9321000297
9321000298
9321000299
9321000320
9321000321
9321000322
9321000323
9321000324
9321000325
9321000326
9321000327
9321000328
9321000329
9321000330
9321000331
9321000332
9321000333
9321000334
9321000335
9321000336
9321000337
9321000338
9321000339
9321000340
9321000341
9321000342
9321000343
9321000344
9321000345
9321000346
9321000347
9321000348
9321000349
9321000350
9321000351
9321000352
9321000353
9321000354
9321000355
9321000356
9321000357
9321000358
9321000359
9321000380
9321000381
9321000382
9321000383
9321000385
9321000392